%{
sin0d1
motor_B = 8.4777e-05
motor_Eff = 0.96239
motor_J = 1.4433e-05
motor_Ke = 0.047291
sin1
motor_B = 0.00011423
motor_Eff = 0.97739
motor_J = 1.3653e-05
motor_Ke = 0.040018
sin2
motor_B = 0.00013553
motor_Eff = 0.98159
motor_J = 7.4422e-06
motor_Ke = 0.02799
ramp1d2
motor_B = 4.4695e-05
motor_Eff = 0.77863
motor_J = 0.00045689
motor_Ke = 0.032965
ramp2d4
motor_B = 4.9158e-05
motor_Eff = 0.8615
motor_J = 0.00021139
motor_Ke = 0.048439
ramp3d6
motor_B = 4.9738e-05
motor_Eff = 0.87519
motor_J = 0.00015104
motor_Ke = 0.048921
pulse0d1
motor_B = 2.5957e-05
 motor_Eff = 0.97616
 motor_J = 4.2578e-05
 motor_Ke = 0.053439
pulse1d0
motor_B = 7.566e-06
motor_Eff = 0.99476
motor_J = 2.576e-05
motor_Ke = 0.055952
pulse2d0
motor_B = 7.7827e-06
motor_Eff = 0.99077
motor_J = 1.9842e-05
motor_Ke = 0.058145
stair1
motor_B = 1.465e-05
motor_Eff = 0.98737
motor_J = 9.9528e-06
motor_Ke = 0.058338
stair2
motor_B = 1.0104e-05
motor_Eff = 0.99942
motor_J = 4.6193e-06
motor_Ke = 0.059792
stair3
motor_B = 2.0446e-05
motor_Eff = 0.99173
motor_J = 2.0502e-05
motor_Ke = 0.056443
chip1
motor_B = 0.00011031
motor_Eff = 0.94424
motor_J = 1.4471e-05
motor_Ke = 0.045545
chip2
motor_B = 5.9828e-05
motor_Eff = 0.99504
motor_J = 1.4774e-05
motor_Ke = 0.048993
chip3
motor_B = 0.00010542
motor_Eff = 0.95021
motor_J = 1.6624e-05
motor_Ke = 0.042353
%}